{"frames": [{"transformation_matrix": [[0.9773434400558472, 0.0036064740270376205, 0.21162891387939453, 1.0581446886062622], [0.21165964007377625, -0.016652755439281464, -0.9772014617919922, -4.886007785797119], [-3.340681686836433e-08, 0.9998547434806824, -0.017038803547620773, -0.08519508689641953], [0.0, 0.0, 0.0, 1.0]], "fov": 0.7853981852531433, "file_path": "Camera_Camera.png"}, {"transformation_matrix": [[-0.34337544441223145, -0.8939012885093689, 0.28815585374832153, 1.440779447555542], [0.9391981959342957, -0.3268146514892578, 0.10535121709108353, 0.5267559289932251], [-2.151085709556355e-08, 0.30681049823760986, 0.9517706036567688, 4.758852958679199], [0.0, 0.0, 0.0, 1.0]], "fov": 0.7853981852531433, "file_path": "Camera_Camera.001.png"}, {"transformation_matrix": [[-0.21372532844543457, -0.6420692205429077, 0.7362530827522278, 3.681265115737915], [0.9768937826156616, -0.14047232270240784, 0.16107776761054993, 0.8053892254829407], [1.3103210960707656e-07, 0.753667414188385, 0.6572559475898743, 3.2862799167633057], [0.0, 0.0, 0.0, 1.0]], "fov": 0.7853981852531433, "file_path": "Camera_Camera.002.png"}, {"transformation_matrix": [[-0.99540114402771, 0.01846241019666195, -0.09400027245283127, -0.4700013995170593], [-0.09579619765281677, -0.19183939695358276, 0.9767399430274963, 4.883699417114258], [2.70953606218427e-08, 0.9812527894973755, 0.19272556900978088, 0.9636275768280029], [0.0, 0.0, 0.0, 1.0]], "fov": 0.7853981852531433, "file_path": "Camera_Camera.003.png"}, {"transformation_matrix": [[-0.526792585849762, 0.8156698346138, 0.23910759389400482, 1.1955379247665405], [0.8499939441680908, 0.5055198073387146, 0.14818935096263885, 0.7409468293190002], [-5.297116345559516e-08, 0.2813050448894501, -0.9596184492111206, -4.798091888427734], [0.0, 0.0, 0.0, 1.0]], "fov": 0.7853981852531433, "file_path": "Camera_Camera.004.png"}, {"transformation_matrix": [[0.827704668045044, -0.03484134003520012, 0.5600813031196594, 2.8004062175750732], [0.5611639618873596, 0.05139011889696121, -0.8261078000068665, -4.1305389404296875], [5.1356771280097746e-08, 0.9980707168579102, 0.062087543308734894, 0.3104380667209625], [0.0, 0.0, 0.0, 1.0]], "fov": 0.7853981852531433, "file_path": "Camera_Camera.005.png"}, {"transformation_matrix": [[0.3313116133213043, 0.6724802255630493, 0.6618179082870483, 3.3090896606445312], [0.9435213804244995, -0.23613731563091278, -0.23239316046237946, -1.1619659662246704], [8.454163946680637e-08, 0.7014338970184326, -0.712734580039978, -3.5636723041534424], [0.0, 0.0, 0.0, 1.0]], "fov": 0.7853981852531433, "file_path": "Camera_Camera.006.png"}, {"transformation_matrix": [[-0.8431392908096313, 0.41151654720306396, -0.34607791900634766, -1.7303895950317383], [-0.5376948714256287, -0.6452836394309998, 0.5426719784736633, 2.713359832763672], [3.300619511037439e-08, 0.6436324715614319, 0.7653346657752991, 3.8266735076904297], [0.0, 0.0, 0.0, 1.0]], "fov": 0.7853981852531433, "file_path": "Camera_Camera.007.png"}, {"transformation_matrix": [[0.9933720231056213, -0.09427474439144135, -0.06575927883386612, -0.3287963569164276], [-0.11494351178407669, -0.8147472739219666, -0.5683090090751648, -2.8415446281433105], [-1.3313421476368603e-09, 0.5721008777618408, -0.8201834559440613, -4.100916385650635], [0.0, 0.0, 0.0, 1.0]], "fov": 0.7853981852531433, "file_path": "Camera_Camera.008.png"}, {"transformation_matrix": [[-0.3085939586162567, -0.8956845998764038, -0.32018527388572693, -1.600926399230957], [-0.9511936902999878, 0.290585458278656, 0.10387714207172394, 0.5193856358528137], [-3.844252915996549e-09, 0.33661410212516785, -0.9416424632072449, -4.7082133293151855], [0.0, 0.0, 0.0, 1.0]], "fov": 0.7853981852531433, "file_path": "Camera_Camera.009.png"}]}